 1024   64   64    0.10287
 1029   64   32    0.11354
 1050   64   32    0.12955
 1080  128   64    0.11085
 1120   64   32    0.11665
 1125  128   32    0.11370
 1134  128   32    0.12129
 1152  128   32    0.09411
 1176  128   32    0.11905
 1200  128   32    0.12283
 1215  128   32    0.12277
 1225  128   64    0.11724
 1250  128   64    0.11757
 1260   64   32    0.13663
 1280  128   64    0.10809
 1296   64   32    0.11173
 1323   64   64    0.11844
 1344   64   64    0.12961
 1350  128   64    0.12899
 1372  128   32    0.12546
 1400   64   64    0.13580
 1440   64   32    0.13595
 1458  128   32    0.12632
 1470  128   32    0.15090
 1500   32   32    0.14492
 1512  128   64    0.13948
 1536  128   32    0.12883
 1568  128   32    0.12782
 1575   64   32    0.14576
 1600  128   64    0.12517
 1620   32   32    0.14360
 1680  128   32    0.16722
 1701   32   32    0.14843
 1715  128   32    0.14572
 1728   32   32    0.13006
 1750   32   32    0.18895
 1764   32   32    0.18858
 1792  128   32    0.14591
 1800  128  128    0.16385
 1875  128   64    0.17621
 1890   32   64    0.22141
 1920  128   32    0.17413
 1944  128   32    0.16903
 1960  128   64    0.18324
 2000  128   32    0.16737
 2016  128   32    0.18779
 2025   32   32    0.17564
 2048  128   32    0.22744
 2058   32   64    0.22393
 2100   32   64    0.25298
 2160  128   64    0.20760
 2187   32   64    0.18142
 2205  128   64    0.22398
 2240   32   32    0.21639
 2250   32   64    0.23290
 2268   32   32    0.22989
 2304   32  128    0.18359
 2352   32   32    0.22811
 2400   32   32    0.23683
 2401   32   32    0.20179
 2430  128   32    0.23933
 2450   32   32    0.24159
 2500   32   64    0.24439
 2520  128  128    0.28321
 2560   32   32    0.20747
 2592   32   32    0.20932
 2625   32   32    0.29420
 2646   32   32    0.25258
 2688   32   32    0.27829
 2700   32   32    0.26572
 2744   32  128    0.24208
 2800   32   32    0.29481
 2835   32   64    0.32607
 2880   32   64    0.30580
 2916   32   32    0.27571
 2940  128   32    0.37293
 3000  128   64    0.33647
 3024  128   64    0.32623
 3072  128   32    0.29654
 3087  128   32    0.30530
 3125  128   32    0.28871
 3136  128   64    0.26025
 3150  128   32    0.38612
 3200   32   32    0.26117
 3240  128   64    0.36398
 3360  128   64    0.42866
 3375  128   32    0.32165
 3402  128   32    0.33975
 3430  128   32    0.35677
 3456  128   32    0.29229
 3500  128   32    0.37492
 3528  128   32    0.40651
 3584  128   32    0.33695
 3600  128   64    0.42438
 3645  128   32    0.36870
 3675  128   64    0.46025
 3750  128   32    0.43806
 3780  128   32    0.51352
 3840  256  128    0.47654
 3888  256  128    0.37197
 3920   64   32    0.48047
 3969   64   32    0.39207
 4000  128   32    0.38377
 4032  128   32    0.48985
 4050  128   32    0.43562
 4096   64   32    0.43230
 4116  512   64    0.49012
 4200   64   32    0.59440
 4320  128   64    0.53359
 4374  512   32    0.47581
 4375  128   64    0.47716
 4410  512   32    0.60482
 4480  256  128    0.56615
 4500  256   32    0.52132
 4536  128   64    0.56532
 4608  128   32    0.47180
 4704  128   32    0.59656
 4725  256   32    0.61387
 4800  256   64    0.61446
 4802  128   64    0.52207
 4860   64   64    0.56749
 4900  128   32    0.55516
 5000  512  128    0.52029
 5040  128  128    0.74268
 5103  128   32    0.56724
 5120  128   64    0.57528
 5145  256   64    0.69976
 5184  128   32    0.52564
 5250   64   64    0.73484
 5292  256  128    0.59634
 5376  128   64    0.70203
 5400  128   64    0.67878
 5488  128   32    0.57133
 5600  128   32    0.71814
 5625  128   32    0.63180
 5670  256  128    0.79862
 5760  128   32    0.74377
 5832  128   32    0.61714
 5880   64  128    0.88042
 6000  128   32    0.78080
 6048   64   32    0.77497
 6075  128  128    0.66318
 6125  128   32    0.66050
 6144  128   32    0.76390
 6174  128   64    0.72242
 6250  512   32    0.71722
 6272   64  128    0.64355
 6300  128   32    0.90067
 6400  512   32    0.67168
 6480  512  128    0.83975
 6561   64  128    0.70807
 6615   64   32    0.87366
 6720  128   64    1.02511
 6750  512   64    0.76303
 6804  128   32    0.80790
 6860  512  128    0.82280
 6912  128   64    0.72292
 7000  128   32    0.90610
 7056  256   64    0.90859
 7168   64   64    0.81739
 7200  512   64    0.92903
 7203   32   32    0.96032
 7290   64   64    0.86857
 7350   64   64    1.03072
 7500   32   64    0.92142
 7560 1024   64    1.14469
 7680   32   32    1.02302
 7776  128   32    0.82142
 7840  128   64    1.02045
 7875  128  128    1.05380
 7938  512  128    0.90185
 8000  128   32    0.84428
 8064  512   64    1.04732
 8100  512  128    0.93944
 8192 1024  128    0.86351
