GwnumVersion=29.2
CpuBrand=Intel(R) Xeon(R) CPU @ 2.20GHz
BenchData=720K,1,1,1,03004080,2022-11-17,12,228.57
BenchData=720K,1,1,1,03004080,2022-11-20,12,216.03
BenchData=720K,1,1,1,03004081,2022-11-17,12,233.07
BenchData=720K,1,1,1,03004081,2022-11-20,12,259.80
BenchData=720K,1,1,1,03004082,2022-11-17,12,233.63
BenchData=720K,1,1,1,03004082,2022-11-20,12,260.24
BenchData=720K,4,1,1,03004080,2022-11-16,12,774.08
BenchData=720K,4,1,1,03004081,2022-11-16,12,811.93
BenchData=720K,4,1,1,03004082,2022-11-16,12,802.61
BenchData=3360K,4,1,1,03004280,2022-11-25,12,171.57
BenchData=3360K,4,1,1,03004280,2022-11-26,12,172.76
BenchData=3360K,4,1,1,03004280,2022-11-27,12,173.30
BenchData=3360K,4,1,1,03004280,2022-11-29,12,168.78
BenchData=3360K,4,1,1,03004280,2022-12-02,12,164.78
BenchData=3360K,4,1,1,03004280,2022-12-03,12,171.01
BenchData=3360K,4,1,1,03004280,2022-12-04,12,169.50
BenchData=3360K,4,1,1,03004280,2022-12-05,12,163.00
BenchData=3360K,4,1,1,03004280,2022-12-07,12,168.76
BenchData=3360K,4,1,1,03004280,2022-12-08,12,172.33
BenchData=3360K,4,1,1,03004281,2022-11-25,12,171.70
BenchData=3360K,4,1,1,03004281,2022-11-26,12,174.27
BenchData=3360K,4,1,1,03004281,2022-11-27,12,173.75
BenchData=3360K,4,1,1,03004281,2022-11-29,12,168.91
BenchData=3360K,4,1,1,03004281,2022-12-02,12,164.71
BenchData=3360K,4,1,1,03004281,2022-12-03,12,172.09
BenchData=3360K,4,1,1,03004281,2022-12-04,12,169.65
BenchData=3360K,4,1,1,03004281,2022-12-05,12,169.35
BenchData=3360K,4,1,1,03004281,2022-12-07,12,170.18
BenchData=3360K,4,1,1,03004281,2022-12-08,12,171.75
BenchData=3360K,4,1,1,03004282,2022-11-25,12,170.98
BenchData=3360K,4,1,1,03004282,2022-11-26,12,173.24
BenchData=3360K,4,1,1,03004282,2022-11-27,12,172.09
BenchData=3360K,4,1,1,03004282,2022-11-29,12,157.57
BenchData=3360K,4,1,1,03004282,2022-12-02,12,161.77
BenchData=3360K,4,1,1,03004282,2022-12-03,12,168.07
BenchData=3360K,4,1,1,03004282,2022-12-04,12,165.00
BenchData=3360K,4,1,1,03004282,2022-12-05,12,166.55
BenchData=3360K,4,1,1,03004282,2022-12-07,12,167.31
BenchData=3360K,4,1,1,03004282,2022-12-08,12,169.56
BenchData=3360K,4,1,1,03004290,2022-11-25,12,171.97
BenchData=3360K,4,1,1,03004290,2022-11-26,12,173.03
BenchData=3360K,4,1,1,03004290,2022-11-27,12,171.64
BenchData=3360K,4,1,1,03004290,2022-11-29,12,168.05
BenchData=3360K,4,1,1,03004290,2022-12-02,12,166.53
BenchData=3360K,4,1,1,03004290,2022-12-03,12,171.96
BenchData=3360K,4,1,1,03004290,2022-12-04,12,167.66
BenchData=3360K,4,1,1,03004290,2022-12-05,12,169.72
BenchData=3360K,4,1,1,03004290,2022-12-07,12,170.30
BenchData=3360K,4,1,1,03004290,2022-12-08,12,170.80
BenchData=3360K,4,1,1,03004291,2022-11-25,12,177.11
BenchData=3360K,4,1,1,03004291,2022-11-26,12,179.95
BenchData=3360K,4,1,1,03004291,2022-11-27,12,179.39
BenchData=3360K,4,1,1,03004291,2022-11-29,12,174.56
BenchData=3360K,4,1,1,03004291,2022-12-02,12,172.76
BenchData=3360K,4,1,1,03004291,2022-12-03,12,177.89
BenchData=3360K,4,1,1,03004291,2022-12-04,12,173.40
BenchData=3360K,4,1,1,03004291,2022-12-05,12,170.05
BenchData=3360K,4,1,1,03004291,2022-12-07,12,175.27
BenchData=3360K,4,1,1,03004291,2022-12-08,12,174.12
BenchData=3360K,4,1,1,03004292,2022-11-25,12,174.32
BenchData=3360K,4,1,1,03004292,2022-11-26,12,177.26
BenchData=3360K,4,1,1,03004292,2022-11-27,12,177.84
BenchData=3360K,4,1,1,03004292,2022-11-29,12,168.37
BenchData=3360K,4,1,1,03004292,2022-12-02,12,169.62
BenchData=3360K,4,1,1,03004292,2022-12-03,12,176.15
BenchData=3360K,4,1,1,03004292,2022-12-04,12,168.88
BenchData=3360K,4,1,1,03004292,2022-12-05,12,168.48
BenchData=3360K,4,1,1,03004292,2022-12-07,12,172.50
BenchData=3360K,4,1,1,03004292,2022-12-08,12,177.28
BenchData=3456K,1,1,1,03004080,2022-11-24,12,43.43
BenchData=3456K,1,1,1,03004081,2022-11-24,12,36.69
BenchData=3456K,1,1,1,03004082,2022-11-24,12,43.42
BenchData=3456K,1,1,1,03004090,2022-11-24,12,44.43
BenchData=3456K,1,1,1,03004091,2022-11-24,12,45.56
BenchData=3456K,1,1,1,03004092,2022-11-24,12,44.77
BenchData=3456K,1,1,1,030040A0,2022-11-24,12,43.07
BenchData=3456K,1,1,1,030040A1,2022-11-24,12,43.94
BenchData=3456K,1,1,1,030040A2,2022-11-24,12,44.23
BenchData=3456K,4,1,1,03004080,2022-11-21,12,161.29
BenchData=3456K,4,1,1,03004080,2022-11-23,12,159.90
BenchData=3456K,4,1,1,03004080,2022-11-25,12,160.22
BenchData=3456K,4,1,1,03004080,2022-11-26,12,170.26
BenchData=3456K,4,1,1,03004080,2022-11-27,12,169.43
BenchData=3456K,4,1,1,03004080,2022-11-29,12,163.26
BenchData=3456K,4,1,1,03004080,2022-12-02,12,146.15
BenchData=3456K,4,1,1,03004080,2022-12-03,12,168.08
BenchData=3456K,4,1,1,03004080,2022-12-04,12,164.74
BenchData=3456K,4,1,1,03004080,2022-12-05,12,156.73
BenchData=3456K,4,1,1,03004080,2022-12-07,12,163.95
BenchData=3456K,4,1,1,03004080,2022-12-08,12,168.40
BenchData=3456K,4,1,1,03004081,2022-11-21,12,161.91
BenchData=3456K,4,1,1,03004081,2022-11-23,12,158.30
BenchData=3456K,4,1,1,03004081,2022-11-25,12,170.13
BenchData=3456K,4,1,1,03004081,2022-11-26,12,173.01
BenchData=3456K,4,1,1,03004081,2022-11-27,12,171.12
BenchData=3456K,4,1,1,03004081,2022-11-29,12,161.09
BenchData=3456K,4,1,1,03004081,2022-12-02,12,160.83
BenchData=3456K,4,1,1,03004081,2022-12-03,12,154.37
BenchData=3456K,4,1,1,03004081,2022-12-04,12,159.85
BenchData=3456K,4,1,1,03004081,2022-12-05,12,162.41
BenchData=3456K,4,1,1,03004081,2022-12-07,12,165.05
BenchData=3456K,4,1,1,03004081,2022-12-08,12,169.29
BenchData=3456K,4,1,1,03004082,2022-11-21,12,154.32
BenchData=3456K,4,1,1,03004082,2022-11-23,12,150.26
BenchData=3456K,4,1,1,03004082,2022-11-25,12,165.28
BenchData=3456K,4,1,1,03004082,2022-11-26,12,161.23
BenchData=3456K,4,1,1,03004082,2022-11-27,12,166.83
BenchData=3456K,4,1,1,03004082,2022-11-29,12,156.60
BenchData=3456K,4,1,1,03004082,2022-12-02,12,155.82
BenchData=3456K,4,1,1,03004082,2022-12-03,12,165.28
BenchData=3456K,4,1,1,03004082,2022-12-04,12,159.47
BenchData=3456K,4,1,1,03004082,2022-12-05,12,152.65
BenchData=3456K,4,1,1,03004082,2022-12-07,12,151.97
BenchData=3456K,4,1,1,03004082,2022-12-08,12,167.32
BenchData=3456K,4,1,1,03004090,2022-11-21,12,165.67
BenchData=3456K,4,1,1,03004090,2022-11-23,12,162.96
BenchData=3456K,4,1,1,03004090,2022-11-25,12,171.85
BenchData=3456K,4,1,1,03004090,2022-11-26,12,175.29
BenchData=3456K,4,1,1,03004090,2022-11-27,12,173.29
BenchData=3456K,4,1,1,03004090,2022-11-29,12,167.16
BenchData=3456K,4,1,1,03004090,2022-12-02,12,162.57
BenchData=3456K,4,1,1,03004090,2022-12-03,12,172.04
BenchData=3456K,4,1,1,03004090,2022-12-04,12,168.89
BenchData=3456K,4,1,1,03004090,2022-12-05,12,161.64
BenchData=3456K,4,1,1,03004090,2022-12-07,12,170.40
BenchData=3456K,4,1,1,03004090,2022-12-08,12,172.23
BenchData=3456K,4,1,1,03004091,2022-11-21,12,159.19
BenchData=3456K,4,1,1,03004091,2022-11-23,12,164.08
BenchData=3456K,4,1,1,03004091,2022-11-25,12,172.47
BenchData=3456K,4,1,1,03004091,2022-11-26,12,176.93
BenchData=3456K,4,1,1,03004091,2022-11-27,12,176.18
BenchData=3456K,4,1,1,03004091,2022-11-29,12,168.66
BenchData=3456K,4,1,1,03004091,2022-12-02,12,163.52
BenchData=3456K,4,1,1,03004091,2022-12-03,12,173.43
BenchData=3456K,4,1,1,03004091,2022-12-04,12,169.54
BenchData=3456K,4,1,1,03004091,2022-12-05,12,163.87
BenchData=3456K,4,1,1,03004091,2022-12-07,12,171.51
BenchData=3456K,4,1,1,03004091,2022-12-08,12,174.63
BenchData=3456K,4,1,1,03004092,2022-11-21,12,164.68
BenchData=3456K,4,1,1,03004092,2022-11-23,12,157.81
BenchData=3456K,4,1,1,03004092,2022-11-25,12,171.67
BenchData=3456K,4,1,1,03004092,2022-11-26,12,175.78
BenchData=3456K,4,1,1,03004092,2022-11-27,12,173.79
BenchData=3456K,4,1,1,03004092,2022-11-29,12,168.47
BenchData=3456K,4,1,1,03004092,2022-12-02,12,162.10
BenchData=3456K,4,1,1,03004092,2022-12-03,12,170.42
BenchData=3456K,4,1,1,03004092,2022-12-04,12,170.39
BenchData=3456K,4,1,1,03004092,2022-12-05,12,162.09
BenchData=3456K,4,1,1,03004092,2022-12-07,12,168.44
BenchData=3456K,4,1,1,03004092,2022-12-08,12,171.62
BenchData=3456K,4,1,1,030040A0,2022-11-21,12,161.27
BenchData=3456K,4,1,1,030040A0,2022-11-23,12,154.69
BenchData=3456K,4,1,1,030040A0,2022-11-25,12,168.11
BenchData=3456K,4,1,1,030040A0,2022-11-26,12,169.64
BenchData=3456K,4,1,1,030040A0,2022-11-27,12,169.65
BenchData=3456K,4,1,1,030040A0,2022-11-29,12,164.45
BenchData=3456K,4,1,1,030040A0,2022-12-02,12,160.79
BenchData=3456K,4,1,1,030040A0,2022-12-03,12,167.18
BenchData=3456K,4,1,1,030040A0,2022-12-04,12,165.98
BenchData=3456K,4,1,1,030040A0,2022-12-05,12,162.79
BenchData=3456K,4,1,1,030040A0,2022-12-07,12,165.55
BenchData=3456K,4,1,1,030040A0,2022-12-08,12,168.27
BenchData=3456K,4,1,1,030040A1,2022-11-21,12,165.58
BenchData=3456K,4,1,1,030040A1,2022-11-23,12,155.90
BenchData=3456K,4,1,1,030040A1,2022-11-25,12,172.58
BenchData=3456K,4,1,1,030040A1,2022-11-26,12,175.33
BenchData=3456K,4,1,1,030040A1,2022-11-27,12,173.32
BenchData=3456K,4,1,1,030040A1,2022-11-29,12,168.45
BenchData=3456K,4,1,1,030040A1,2022-12-02,12,163.41
BenchData=3456K,4,1,1,030040A1,2022-12-03,12,171.62
BenchData=3456K,4,1,1,030040A1,2022-12-04,12,168.32
BenchData=3456K,4,1,1,030040A1,2022-12-05,12,165.02
BenchData=3456K,4,1,1,030040A1,2022-12-07,12,170.05
BenchData=3456K,4,1,1,030040A1,2022-12-08,12,171.94
BenchData=3456K,4,1,1,030040A2,2022-11-21,12,155.31
BenchData=3456K,4,1,1,030040A2,2022-11-23,12,162.31
BenchData=3456K,4,1,1,030040A2,2022-11-25,12,172.12
BenchData=3456K,4,1,1,030040A2,2022-11-26,12,173.79
BenchData=3456K,4,1,1,030040A2,2022-11-27,12,173.95
BenchData=3456K,4,1,1,030040A2,2022-11-29,12,169.32
BenchData=3456K,4,1,1,030040A2,2022-12-02,12,164.11
BenchData=3456K,4,1,1,030040A2,2022-12-03,12,171.91
BenchData=3456K,4,1,1,030040A2,2022-12-04,12,159.80
BenchData=3456K,4,1,1,030040A2,2022-12-05,12,166.35
BenchData=3456K,4,1,1,030040A2,2022-12-07,12,169.06
BenchData=3456K,4,1,1,030040A2,2022-12-08,12,164.49
BenchData=3584K,1,1,1,03004370,2022-11-17,12,42.08
BenchData=3584K,1,1,1,03004370,2022-11-20,12,48.36
BenchData=3584K,1,1,1,03004371,2022-11-17,12,42.45
BenchData=3584K,1,1,1,03004371,2022-11-20,12,48.85
BenchData=3584K,1,1,1,03004372,2022-11-17,12,33.56
BenchData=3584K,1,1,1,03004372,2022-11-20,12,46.63
BenchData=3584K,1,1,1,03004380,2022-11-17,12,40.90
BenchData=3584K,1,1,1,03004380,2022-11-20,12,46.93
BenchData=3584K,1,1,1,03004381,2022-11-17,12,36.99
BenchData=3584K,1,1,1,03004381,2022-11-20,12,47.86
BenchData=3584K,1,1,1,03004382,2022-11-17,12,40.06
BenchData=3584K,1,1,1,03004382,2022-11-20,12,47.33
BenchData=3584K,1,1,1,03004390,2022-11-17,12,40.50
BenchData=3584K,1,1,1,03004390,2022-11-20,12,46.73
BenchData=3584K,1,1,1,03004391,2022-11-17,12,39.96
BenchData=3584K,1,1,1,03004391,2022-11-20,12,48.98
BenchData=3584K,1,1,1,03004392,2022-11-17,12,35.25
BenchData=3584K,1,1,1,03004392,2022-11-20,12,49.55
BenchData=3584K,4,1,1,03004370,2022-10-29,12,157.44
BenchData=3584K,4,1,1,03004370,2022-10-30,12,161.48
BenchData=3584K,4,1,1,03004370,2022-11-01,12,154.86
BenchData=3584K,4,1,1,03004370,2022-11-03,12,147.91
BenchData=3584K,4,1,1,03004370,2022-11-04,12,163.65
BenchData=3584K,4,1,1,03004370,2022-11-06,12,158.14
BenchData=3584K,4,1,1,03004370,2022-11-08,12,164.35
BenchData=3584K,4,1,1,03004370,2022-11-10,12,162.88
BenchData=3584K,4,1,1,03004370,2022-11-11,12,163.56
BenchData=3584K,4,1,1,03004370,2022-11-12,12,170.71
BenchData=3584K,4,1,1,03004371,2022-10-29,12,163.09
BenchData=3584K,4,1,1,03004371,2022-10-30,12,161.62
BenchData=3584K,4,1,1,03004371,2022-11-01,12,160.85
BenchData=3584K,4,1,1,03004371,2022-11-03,12,147.80
BenchData=3584K,4,1,1,03004371,2022-11-04,12,165.44
BenchData=3584K,4,1,1,03004371,2022-11-06,12,160.35
BenchData=3584K,4,1,1,03004371,2022-11-08,12,167.54
BenchData=3584K,4,1,1,03004371,2022-11-10,12,164.26
BenchData=3584K,4,1,1,03004371,2022-11-11,12,165.79
BenchData=3584K,4,1,1,03004371,2022-11-12,12,173.80
BenchData=3584K,4,1,1,03004372,2022-10-29,12,158.75
BenchData=3584K,4,1,1,03004372,2022-10-30,12,154.68
BenchData=3584K,4,1,1,03004372,2022-11-01,12,143.73
BenchData=3584K,4,1,1,03004372,2022-11-03,12,138.18
BenchData=3584K,4,1,1,03004372,2022-11-04,12,157.79
BenchData=3584K,4,1,1,03004372,2022-11-06,12,148.54
BenchData=3584K,4,1,1,03004372,2022-11-08,12,158.69
BenchData=3584K,4,1,1,03004372,2022-11-10,12,156.30
BenchData=3584K,4,1,1,03004372,2022-11-11,12,149.95
BenchData=3584K,4,1,1,03004372,2022-11-12,12,170.76
BenchData=3584K,4,1,1,03004380,2022-10-29,12,164.85
BenchData=3584K,4,1,1,03004380,2022-10-30,12,162.45
BenchData=3584K,4,1,1,03004380,2022-11-01,12,157.49
BenchData=3584K,4,1,1,03004380,2022-11-03,12,151.39
BenchData=3584K,4,1,1,03004380,2022-11-04,12,165.01
BenchData=3584K,4,1,1,03004380,2022-11-06,12,162.84
BenchData=3584K,4,1,1,03004380,2022-11-08,12,165.90
BenchData=3584K,4,1,1,03004380,2022-11-10,12,164.52
BenchData=3584K,4,1,1,03004380,2022-11-11,12,161.74
BenchData=3584K,4,1,1,03004380,2022-11-12,12,165.87
BenchData=3584K,4,1,1,03004381,2022-10-29,12,166.36
BenchData=3584K,4,1,1,03004381,2022-10-30,12,162.68
BenchData=3584K,4,1,1,03004381,2022-11-01,12,161.06
BenchData=3584K,4,1,1,03004381,2022-11-03,12,151.33
BenchData=3584K,4,1,1,03004381,2022-11-04,12,167.48
BenchData=3584K,4,1,1,03004381,2022-11-06,12,164.44
BenchData=3584K,4,1,1,03004381,2022-11-08,12,166.02
BenchData=3584K,4,1,1,03004381,2022-11-10,12,165.70
BenchData=3584K,4,1,1,03004381,2022-11-11,12,161.73
BenchData=3584K,4,1,1,03004381,2022-11-12,12,173.07
BenchData=3584K,4,1,1,03004382,2022-10-29,12,162.37
BenchData=3584K,4,1,1,03004382,2022-10-30,12,154.98
BenchData=3584K,4,1,1,03004382,2022-11-01,12,160.58
BenchData=3584K,4,1,1,03004382,2022-11-03,12,149.60
BenchData=3584K,4,1,1,03004382,2022-11-04,12,166.96
BenchData=3584K,4,1,1,03004382,2022-11-06,12,159.67
BenchData=3584K,4,1,1,03004382,2022-11-08,12,163.55
BenchData=3584K,4,1,1,03004382,2022-11-10,12,160.29
BenchData=3584K,4,1,1,03004382,2022-11-11,12,162.91
BenchData=3584K,4,1,1,03004382,2022-11-12,12,172.07
BenchData=3584K,4,1,1,03004390,2022-10-29,12,164.84
BenchData=3584K,4,1,1,03004390,2022-10-30,12,166.57
BenchData=3584K,4,1,1,03004390,2022-11-01,12,168.13
BenchData=3584K,4,1,1,03004390,2022-11-03,12,147.54
BenchData=3584K,4,1,1,03004390,2022-11-04,12,168.98
BenchData=3584K,4,1,1,03004390,2022-11-06,12,165.35
BenchData=3584K,4,1,1,03004390,2022-11-08,12,168.01
BenchData=3584K,4,1,1,03004390,2022-11-10,12,166.03
BenchData=3584K,4,1,1,03004390,2022-11-11,12,168.92
BenchData=3584K,4,1,1,03004390,2022-11-12,12,167.85
BenchData=3584K,4,1,1,03004391,2022-10-29,12,175.28
BenchData=3584K,4,1,1,03004391,2022-10-30,12,173.19
BenchData=3584K,4,1,1,03004391,2022-11-01,12,173.14
BenchData=3584K,4,1,1,03004391,2022-11-03,12,156.18
BenchData=3584K,4,1,1,03004391,2022-11-04,12,173.58
BenchData=3584K,4,1,1,03004391,2022-11-06,12,170.03
BenchData=3584K,4,1,1,03004391,2022-11-08,12,175.08
BenchData=3584K,4,1,1,03004391,2022-11-10,12,164.55
BenchData=3584K,4,1,1,03004391,2022-11-11,12,172.50
BenchData=3584K,4,1,1,03004391,2022-11-12,12,175.59
BenchData=3584K,4,1,1,03004392,2022-10-29,12,172.42
BenchData=3584K,4,1,1,03004392,2022-10-30,12,169.18
BenchData=3584K,4,1,1,03004392,2022-11-01,12,164.05
BenchData=3584K,4,1,1,03004392,2022-11-03,12,155.69
BenchData=3584K,4,1,1,03004392,2022-11-04,12,171.83
BenchData=3584K,4,1,1,03004392,2022-11-06,12,169.53
BenchData=3584K,4,1,1,03004392,2022-11-08,12,171.57
BenchData=3584K,4,1,1,03004392,2022-11-10,12,170.42
BenchData=3584K,4,1,1,03004392,2022-11-11,12,171.59
BenchData=3584K,4,1,1,03004392,2022-11-12,12,182.32
